"","Hfo","m_Z","s_Z","m_Chi_P","s_Chi_P","m_Chi_MB","s_Chi_MB","m_ion_1","m_EA","s_EA","m_HOMO","m_LUMO","s_HOMO","m_rs_WC","s_rp_WC","s_N_val","m_n13","s_n13","m_phi","Hs","Hf","Oxv","W","gamma","CMB"
"1",-1.45490576905402,0.13913996444779,0.992634035279336,-0.348036075501084,-1.1324111516547,-1.78548301039206,-1.04107723168217,-0.513944791581983,0.380692384820321,0.631015917792114,-0.307190412156932,0.236160205476291,0.479169793853021,0.355482452845088,0.447488342033261,-0.400274630996995,-2.15994430284796,0.198358884281404,-1.29558788438161,-1.24126530973812,1.15998304509215,-0.186247885687111,-1.60546724455695,-0.580161675646285,1.01499742867644
"2",-1.26015826891768,1.70352442959051,0.992634035279336,1.87771076217923,-1.1324111516547,-1.46384865748079,-1.04107723168217,1.81931757973098,1.73987020820294,0.631015917792114,-2.06038156109752,-1.69226246006631,0.479169793853021,0.070609528304846,0.447488342033261,-0.400274630996995,-0.804912220096159,0.198358884281404,0.239548801539318,-0.752631624977408,1.29117885829375,-0.186247885687111,-1.60546724455695,-0.580161675646285,1.01499742867644
"3",-0.030108580124935,-0.838600326266411,0.992634035279336,-0.530474340884717,-1.1324111516547,-0.0432969321226702,-1.04107723168217,-0.0827835835444369,-0.483105865003616,0.631015917792114,0.533964265140607,0.282029591321105,0.479169793853021,0.0533445025751343,0.447488342033261,-0.400274630996995,0.550119862655645,0.198358884281404,0.129896181116392,-0.406037824727908,-0.313865177666071,-0.186247885687111,-1.60546724455695,-0.580161675646285,1.01499742867644
"4",-0.763605941221997,-0.740826297194991,0.992634035279336,-0.457499034731264,-1.1324111516547,-1.75868014764946,-1.04107723168217,-0.301535905245771,0.290227254467936,0.631015917792114,-0.573184900189853,0.134053357497074,0.479169793853021,0.082119545457987,0.447488342033261,-0.400274630996995,-1.55770782162494,0.198358884281404,-1.07628264353577,-0.928754018038975,0.362507019927686,-0.186247885687111,-1.60546724455695,-0.580161675646285,1.01499742867644
"5",0.713105981859452,1.60575040051909,0.992634035279336,0.637130557570531,-1.1324111516547,0.358746009016421,-1.04107723168217,1.45357552459025,0.734181506107765,0.631015917792114,-0.50364826666567,-0.942209424677561,0.479169793853021,0.185709699836257,0.447488342033261,-0.400274630996995,1.15235634387867,0.198358884281404,1.11676976492271,1.0314905713137,-0.192709060014372,-0.186247885687111,-1.60546724455695,-0.580161675646285,1.01499742867644
"6",-0.189147888765279,-0.789713311730701,0.992634035279336,-0.421011381654537,-1.1324111516547,0.0639145188477541,-1.04107723168217,-0.423910166929342,0.183559414201675,0.631015917792114,0.579380542362211,0.170322568141685,0.479169793853021,-0.0675106775328474,0.447488342033261,-0.400274630996995,0.550119862655645,0.198358884281404,0.349201421962241,-0.377606302051192,-0.0412769854699952,-0.186247885687111,-1.60546724455695,-0.580161675646285,1.01499742867644
"7",-0.906405083673483,0.0902529499120801,0.992634035279336,0.637130557570531,-1.1324111516547,0.921606126611148,-1.04107723168217,0.562099335989633,-0.618474726534511,0.631015917792114,0.6394661805645,1.16803217435454,0.479169793853021,-3.34498806188977,0.447488342033261,-0.400274630996995,-0.202675738873136,0.198358884281404,0.89746452407686,-0.695827444060157,0.7914948443621,-0.186247885687111,-1.60546724455695,-0.580161675646285,1.01499742867644
"8",-0.380633906250849,1.6546374150548,0.992634035279336,0.929031782184342,-1.1324111516547,0.465957459986845,-1.04107723168217,1.44198927667759,1.49597891722453,0.631015917792114,-1.29788727511824,-1.83378352535769,0.479169793853021,0.168444674106545,0.447488342033261,-0.400274630996995,0.775958543114279,0.198358884281404,1.33607500576855,0.412177838225224,0.958091042393311,-0.186247885687111,-1.60546724455695,-0.580161675646285,1.01499742867644
"9",-0.2573027891065,0.0413659353763701,0.992634035279336,0.929031782184342,-1.1324111516547,0.680380361927694,-1.04107723168217,-0.679935122788764,0.157905123504727,0.631015917792114,-0.310917433016809,-0.59085656354584,0.479169793853021,0.57992778733134,0.447488342033261,-0.400274630996995,0.625399422808523,0.198358884281404,0.787811903653936,0.355314792871787,0.715778807089911,-0.186247885687111,-1.60546724455695,-0.580161675646285,1.01499742867644
"10",1.70742108442018,-0.887487340802121,0.992634035279336,-0.712912606268348,-1.1324111516547,-0.177311245835701,-1.04107723168217,-0.0524276140132789,-1.1734175410843,0.631015917792114,0.833640078065548,0.43172654468183,0.479169793853021,0.185709699836257,0.447488342033261,-0.400274630996995,0.700678982961401,0.198358884281404,-0.242922728321548,1.93535398891409,-0.936117141436132,-0.186247885687111,-1.60546724455695,-0.580161675646285,1.01499742867644
"11",1.87150392293284,-1.03414838440925,0.992634035279336,-1.44266566780288,-1.1324111516547,1.29684620500763,-1.04107723168217,-1.68819757804792,-0.668433082102253,0.631015917792114,2.06968864205898,1.72634849490448,0.479169793853021,0.686395445997895,0.447488342033261,-0.400274630996995,-0.277955299026014,0.198358884281404,-1.73419836607331,1.64632960725223,-1.44803703431923,-0.186247885687111,-1.60546724455695,-0.580161675646285,1.01499742867644
"12",0.722251582694586,-0.00752107915933998,0.992634035279336,0.637130557570531,-1.1324111516547,0.626774636442482,-1.04107723168217,-0.819139859614809,0.0404354766292248,0.631015917792114,0.381708958498243,0.819945716018475,0.479169793853021,0.712292984592462,0.447488342033261,-0.400274630996995,1.15235634387867,0.198358884281404,0.787811903653936,-1.12206482646618,-2.11996457502892,-0.186247885687111,-1.60546724455695,-0.580161675646285,1.01499742867644
"13",0.227985655207683,-0.936374355337831,0.992634035279336,-1.73456689241669,-1.1324111516547,0.814394675640724,-1.04107723168217,-0.715107095222126,-2.07941907043443,0.631015917792114,0.0153611815549467,0.0904933212519544,0.479169793853021,0.332462418538806,0.447488342033261,-0.400274630996995,-0.503793979484646,0.198358884281404,-1.29558788438161,0.143520551482915,-0.227063643224199,-0.186247885687111,-1.60546724455695,-0.580161675646285,1.01499742867644
"14",-1.45490576905402,0.13913996444779,-1.16701569012571,-0.348036075501084,-0.251646922589936,-1.78548301039206,-0.256265164721762,-0.513944791581983,0.380692384820321,-1.17263325658694,-0.307190412156932,0.236160205476291,-0.913098918324212,0.355482452845088,-1.2414462026184,-0.711599343994658,-2.15994430284796,-1.61738782567919,-1.29558788438161,-1.24126530973812,1.15998304509215,1.3870724291049,-0.472407119265732,-0.273615667904516,-0.405998971470575
"15",-1.26015826891768,1.70352442959051,-1.16701569012571,1.87771076217923,-0.251646922589936,-1.46384865748079,-0.256265164721762,1.81931757973098,1.73987020820294,-1.17263325658694,-2.06038156109752,-1.69226246006631,-0.913098918324212,0.070609528304846,-1.2414462026184,-0.711599343994658,-0.804912220096159,-1.61738782567919,0.239548801539318,-0.752631624977408,1.29117885829375,1.3870724291049,-0.472407119265732,-0.273615667904516,-0.405998971470575
"16",-0.030108580124935,-0.838600326266411,-1.16701569012571,-0.530474340884717,-0.251646922589936,-0.0432969321226702,-0.256265164721762,-0.0827835835444369,-0.483105865003616,-1.17263325658694,0.533964265140607,0.282029591321105,-0.913098918324212,0.0533445025751343,-1.2414462026184,-0.711599343994658,0.550119862655645,-1.61738782567919,0.129896181116392,-0.406037824727908,-0.313865177666071,1.3870724291049,-0.472407119265732,-0.273615667904516,-0.405998971470575
"17",-0.763605941221997,-0.740826297194991,-1.16701569012571,-0.457499034731264,-0.251646922589936,-1.75868014764946,-0.256265164721762,-0.301535905245771,0.290227254467936,-1.17263325658694,-0.573184900189853,0.134053357497074,-0.913098918324212,0.082119545457987,-1.2414462026184,-0.711599343994658,-1.55770782162494,-1.61738782567919,-1.07628264353577,-0.928754018038975,0.362507019927686,1.3870724291049,-0.472407119265732,-0.273615667904516,-0.405998971470575
"18",0.713105981859452,1.60575040051909,-1.16701569012571,0.637130557570531,-0.251646922589936,0.358746009016421,-0.256265164721762,1.45357552459025,0.734181506107765,-1.17263325658694,-0.50364826666567,-0.942209424677561,-0.913098918324212,0.185709699836257,-1.2414462026184,-0.711599343994658,1.15235634387867,-1.61738782567919,1.11676976492271,1.0314905713137,-0.192709060014372,1.3870724291049,-0.472407119265732,-0.273615667904516,-0.405998971470575
"19",-0.189147888765279,-0.789713311730701,-1.16701569012571,-0.421011381654537,-0.251646922589936,0.0639145188477541,-0.256265164721762,-0.423910166929342,0.183559414201675,-1.17263325658694,0.579380542362211,0.170322568141685,-0.913098918324212,-0.0675106775328474,-1.2414462026184,-0.711599343994658,0.550119862655645,-1.61738782567919,0.349201421962241,-0.377606302051192,-0.0412769854699952,1.3870724291049,-0.472407119265732,-0.273615667904516,-0.405998971470575
"20",-0.906405083673483,0.0902529499120801,-1.16701569012571,0.637130557570531,-0.251646922589936,0.921606126611148,-0.256265164721762,0.562099335989633,-0.618474726534511,-1.17263325658694,0.6394661805645,1.16803217435454,-0.913098918324212,-3.34498806188977,-1.2414462026184,-0.711599343994658,-0.202675738873136,-1.61738782567919,0.89746452407686,-0.695827444060157,0.7914948443621,1.3870724291049,-0.472407119265732,-0.273615667904516,-0.405998971470575
"21",-0.380633906250849,1.6546374150548,-1.16701569012571,0.929031782184342,-0.251646922589936,0.465957459986845,-0.256265164721762,1.44198927667759,1.49597891722453,-1.17263325658694,-1.29788727511824,-1.83378352535769,-0.913098918324212,0.168444674106545,-1.2414462026184,-0.711599343994658,0.775958543114279,-1.61738782567919,1.33607500576855,0.412177838225224,0.958091042393311,1.3870724291049,-0.472407119265732,-0.273615667904516,-0.405998971470575
"22",-0.2573027891065,0.0413659353763701,-1.16701569012571,0.929031782184342,-0.251646922589936,0.680380361927694,-0.256265164721762,-0.679935122788764,0.157905123504727,-1.17263325658694,-0.310917433016809,-0.59085656354584,-0.913098918324212,0.57992778733134,-1.2414462026184,-0.711599343994658,0.625399422808523,-1.61738782567919,0.787811903653936,0.355314792871787,0.715778807089911,1.3870724291049,-0.472407119265732,-0.273615667904516,-0.405998971470575
"23",1.70742108442018,-0.887487340802121,-1.16701569012571,-0.712912606268348,-0.251646922589936,-0.177311245835701,-0.256265164721762,-0.0524276140132789,-1.1734175410843,-1.17263325658694,0.833640078065548,0.43172654468183,-0.913098918324212,0.185709699836257,-1.2414462026184,-0.711599343994658,0.700678982961401,-1.61738782567919,-0.242922728321548,1.93535398891409,-0.936117141436132,1.3870724291049,-0.472407119265732,-0.273615667904516,-0.405998971470575
"24",1.87150392293284,-1.03414838440925,-1.16701569012571,-1.44266566780288,-0.251646922589936,1.29684620500763,-0.256265164721762,-1.68819757804792,-0.668433082102253,-1.17263325658694,2.06968864205898,1.72634849490448,-0.913098918324212,0.686395445997895,-1.2414462026184,-0.711599343994658,-0.277955299026014,-1.61738782567919,-1.73419836607331,1.64632960725223,-1.44803703431923,1.3870724291049,-0.472407119265732,-0.273615667904516,-0.405998971470575
"25",0.722251582694586,-0.00752107915933998,-1.16701569012571,0.637130557570531,-0.251646922589936,0.626774636442482,-0.256265164721762,-0.819139859614809,0.0404354766292248,-1.17263325658694,0.381708958498243,0.819945716018475,-0.913098918324212,0.712292984592462,-1.2414462026184,-0.711599343994658,1.15235634387867,-1.61738782567919,0.787811903653936,-1.12206482646618,-2.11996457502892,1.3870724291049,-0.472407119265732,-0.273615667904516,-0.405998971470575
"26",0.227985655207683,-0.936374355337831,-1.16701569012571,-1.73456689241669,-0.251646922589936,0.814394675640724,-0.256265164721762,-0.715107095222126,-2.07941907043443,-1.17263325658694,0.0153611815549467,0.0904933212519544,-0.913098918324212,0.332462418538806,-1.2414462026184,-0.711599343994658,-0.503793979484646,-1.61738782567919,-1.29558788438161,0.143520551482915,-0.227063643224199,1.3870724291049,-0.472407119265732,-0.273615667904516,-0.405998971470575
"27",-1.45490576905402,0.13913996444779,-0.321935362793298,-0.348036075501084,1.32445748731543,-1.78548301039206,0.229570876729918,-0.513944791581983,0.380692384820321,-1.51981455306365,-0.307190412156932,0.236160205476291,-2.05419590361391,0.355482452845088,-1.05443614923136,2.40164778598197,-2.15994430284796,-0.0152583757139607,-1.29558788438161,-1.24126530973812,1.15998304509215,-0.132611965864656,0.166813021312938,-0.0604163071116775,-1.82699537161759
"28",-1.26015826891768,1.70352442959051,-0.321935362793298,1.87771076217923,1.32445748731543,-1.46384865748079,0.229570876729918,1.81931757973098,1.73987020820294,-1.51981455306365,-2.06038156109752,-1.69226246006631,-2.05419590361391,0.070609528304846,-1.05443614923136,2.40164778598197,-0.804912220096159,-0.0152583757139607,0.239548801539318,-0.752631624977408,1.29117885829375,-0.132611965864656,0.166813021312938,-0.0604163071116775,-1.82699537161759
"29",-0.030108580124935,-0.838600326266411,-0.321935362793298,-0.530474340884717,1.32445748731543,-0.0432969321226702,0.229570876729918,-0.0827835835444369,-0.483105865003616,-1.51981455306365,0.533964265140607,0.282029591321105,-2.05419590361391,0.0533445025751343,-1.05443614923136,2.40164778598197,0.550119862655645,-0.0152583757139607,0.129896181116392,-0.406037824727908,-0.313865177666071,-0.132611965864656,0.166813021312938,-0.0604163071116775,-1.82699537161759
"30",-0.763605941221997,-0.740826297194991,-0.321935362793298,-0.457499034731264,1.32445748731543,-1.75868014764946,0.229570876729918,-0.301535905245771,0.290227254467936,-1.51981455306365,-0.573184900189853,0.134053357497074,-2.05419590361391,0.082119545457987,-1.05443614923136,2.40164778598197,-1.55770782162494,-0.0152583757139607,-1.07628264353577,-0.928754018038975,0.362507019927686,-0.132611965864656,0.166813021312938,-0.0604163071116775,-1.82699537161759
"31",0.713105981859452,1.60575040051909,-0.321935362793298,0.637130557570531,1.32445748731543,0.358746009016421,0.229570876729918,1.45357552459025,0.734181506107765,-1.51981455306365,-0.50364826666567,-0.942209424677561,-2.05419590361391,0.185709699836257,-1.05443614923136,2.40164778598197,1.15235634387867,-0.0152583757139607,1.11676976492271,1.0314905713137,-0.192709060014372,-0.132611965864656,0.166813021312938,-0.0604163071116775,-1.82699537161759
"32",-0.189147888765279,-0.789713311730701,-0.321935362793298,-0.421011381654537,1.32445748731543,0.0639145188477541,0.229570876729918,-0.423910166929342,0.183559414201675,-1.51981455306365,0.579380542362211,0.170322568141685,-2.05419590361391,-0.0675106775328474,-1.05443614923136,2.40164778598197,0.550119862655645,-0.0152583757139607,0.349201421962241,-0.377606302051192,-0.0412769854699952,-0.132611965864656,0.166813021312938,-0.0604163071116775,-1.82699537161759
"33",-0.906405083673483,0.0902529499120801,-0.321935362793298,0.637130557570531,1.32445748731543,0.921606126611148,0.229570876729918,0.562099335989633,-0.618474726534511,-1.51981455306365,0.6394661805645,1.16803217435454,-2.05419590361391,-3.34498806188977,-1.05443614923136,2.40164778598197,-0.202675738873136,-0.0152583757139607,0.89746452407686,-0.695827444060157,0.7914948443621,-0.132611965864656,0.166813021312938,-0.0604163071116775,-1.82699537161759
"34",-0.380633906250849,1.6546374150548,-0.321935362793298,0.929031782184342,1.32445748731543,0.465957459986845,0.229570876729918,1.44198927667759,1.49597891722453,-1.51981455306365,-1.29788727511824,-1.83378352535769,-2.05419590361391,0.168444674106545,-1.05443614923136,2.40164778598197,0.775958543114279,-0.0152583757139607,1.33607500576855,0.412177838225224,0.958091042393311,-0.132611965864656,0.166813021312938,-0.0604163071116775,-1.82699537161759
"35",-0.2573027891065,0.0413659353763701,-0.321935362793298,0.929031782184342,1.32445748731543,0.680380361927694,0.229570876729918,-0.679935122788764,0.157905123504727,-1.51981455306365,-0.310917433016809,-0.59085656354584,-2.05419590361391,0.57992778733134,-1.05443614923136,2.40164778598197,0.625399422808523,-0.0152583757139607,0.787811903653936,0.355314792871787,0.715778807089911,-0.132611965864656,0.166813021312938,-0.0604163071116775,-1.82699537161759
"36",1.70742108442018,-0.887487340802121,-0.321935362793298,-0.712912606268348,1.32445748731543,-0.177311245835701,0.229570876729918,-0.0524276140132789,-1.1734175410843,-1.51981455306365,0.833640078065548,0.43172654468183,-2.05419590361391,0.185709699836257,-1.05443614923136,2.40164778598197,0.700678982961401,-0.0152583757139607,-0.242922728321548,1.93535398891409,-0.936117141436132,-0.132611965864656,0.166813021312938,-0.0604163071116775,-1.82699537161759
"37",1.87150392293284,-1.03414838440925,-0.321935362793298,-1.44266566780288,1.32445748731543,1.29684620500763,0.229570876729918,-1.68819757804792,-0.668433082102253,-1.51981455306365,2.06968864205898,1.72634849490448,-2.05419590361391,0.686395445997895,-1.05443614923136,2.40164778598197,-0.277955299026014,-0.0152583757139607,-1.73419836607331,1.64632960725223,-1.44803703431923,-0.132611965864656,0.166813021312938,-0.0604163071116775,-1.82699537161759
"38",0.722251582694586,-0.00752107915933998,-0.321935362793298,0.637130557570531,1.32445748731543,0.626774636442482,0.229570876729918,-0.819139859614809,0.0404354766292248,-1.51981455306365,0.381708958498243,0.819945716018475,-2.05419590361391,0.712292984592462,-1.05443614923136,2.40164778598197,1.15235634387867,-0.0152583757139607,0.787811903653936,-1.12206482646618,-2.11996457502892,-0.132611965864656,0.166813021312938,-0.0604163071116775,-1.82699537161759
"39",0.227985655207683,-0.936374355337831,-0.321935362793298,-1.73456689241669,1.32445748731543,0.814394675640724,0.229570876729918,-0.715107095222126,-2.07941907043443,-1.51981455306365,0.0153611815549467,0.0904933212519544,-2.05419590361391,0.332462418538806,-1.05443614923136,2.40164778598197,-0.503793979484646,-0.0152583757139607,-1.29558788438161,0.143520551482915,-0.227063643224199,-0.132611965864656,0.166813021312938,-0.0604163071116775,-1.82699537161759
"40",-1.45490576905402,0.13913996444779,-0.697526619385479,-0.348036075501084,0.814541354698986,-1.78548301039206,1.79919501065073,-0.513944791581983,0.380692384820321,-0.336011010443039,-0.307190412156932,0.236160205476291,0.868460730913306,0.355482452845088,-0.595677112016291,-0.0889499179993322,-2.15994430284796,1.58687107425127,-1.29558788438161,-1.24126530973812,1.15998304509215,0.0242808723547383,1.6142789467224,-0.471053393262902,-0.405998971470575
"41",-1.26015826891768,1.70352442959051,-0.697526619385479,1.87771076217923,0.814541354698986,-1.46384865748079,1.79919501065073,1.81931757973098,1.73987020820294,-0.336011010443039,-2.06038156109752,-1.69226246006631,0.868460730913306,0.070609528304846,-0.595677112016291,-0.0889499179993322,-0.804912220096159,1.58687107425127,0.239548801539318,-0.752631624977408,1.29117885829375,0.0242808723547383,1.6142789467224,-0.471053393262902,-0.405998971470575
"42",-0.030108580124935,-0.838600326266411,-0.697526619385479,-0.530474340884717,0.814541354698986,-0.0432969321226702,1.79919501065073,-0.0827835835444369,-0.483105865003616,-0.336011010443039,0.533964265140607,0.282029591321105,0.868460730913306,0.0533445025751343,-0.595677112016291,-0.0889499179993322,0.550119862655645,1.58687107425127,0.129896181116392,-0.406037824727908,-0.313865177666071,0.0242808723547383,1.6142789467224,-0.471053393262902,-0.405998971470575
"43",-0.763605941221997,-0.740826297194991,-0.697526619385479,-0.457499034731264,0.814541354698986,-1.75868014764946,1.79919501065073,-0.301535905245771,0.290227254467936,-0.336011010443039,-0.573184900189853,0.134053357497074,0.868460730913306,0.082119545457987,-0.595677112016291,-0.0889499179993322,-1.55770782162494,1.58687107425127,-1.07628264353577,-0.928754018038975,0.362507019927686,0.0242808723547383,1.6142789467224,-0.471053393262902,-0.405998971470575
"44",0.713105981859452,1.60575040051909,-0.697526619385479,0.637130557570531,0.814541354698986,0.358746009016421,1.79919501065073,1.45357552459025,0.734181506107765,-0.336011010443039,-0.50364826666567,-0.942209424677561,0.868460730913306,0.185709699836257,-0.595677112016291,-0.0889499179993322,1.15235634387867,1.58687107425127,1.11676976492271,1.0314905713137,-0.192709060014372,0.0242808723547383,1.6142789467224,-0.471053393262902,-0.405998971470575
"45",-0.189147888765279,-0.789713311730701,-0.697526619385479,-0.421011381654537,0.814541354698986,0.0639145188477541,1.79919501065073,-0.423910166929342,0.183559414201675,-0.336011010443039,0.579380542362211,0.170322568141685,0.868460730913306,-0.0675106775328474,-0.595677112016291,-0.0889499179993322,0.550119862655645,1.58687107425127,0.349201421962241,-0.377606302051192,-0.0412769854699952,0.0242808723547383,1.6142789467224,-0.471053393262902,-0.405998971470575
"46",-0.906405083673483,0.0902529499120801,-0.697526619385479,0.637130557570531,0.814541354698986,0.921606126611148,1.79919501065073,0.562099335989633,-0.618474726534511,-0.336011010443039,0.6394661805645,1.16803217435454,0.868460730913306,-3.34498806188977,-0.595677112016291,-0.0889499179993322,-0.202675738873136,1.58687107425127,0.89746452407686,-0.695827444060157,0.7914948443621,0.0242808723547383,1.6142789467224,-0.471053393262902,-0.405998971470575
"47",-0.380633906250849,1.6546374150548,-0.697526619385479,0.929031782184342,0.814541354698986,0.465957459986845,1.79919501065073,1.44198927667759,1.49597891722453,-0.336011010443039,-1.29788727511824,-1.83378352535769,0.868460730913306,0.168444674106545,-0.595677112016291,-0.0889499179993322,0.775958543114279,1.58687107425127,1.33607500576855,0.412177838225224,0.958091042393311,0.0242808723547383,1.6142789467224,-0.471053393262902,-0.405998971470575
"48",-0.2573027891065,0.0413659353763701,-0.697526619385479,0.929031782184342,0.814541354698986,0.680380361927694,1.79919501065073,-0.679935122788764,0.157905123504727,-0.336011010443039,-0.310917433016809,-0.59085656354584,0.868460730913306,0.57992778733134,-0.595677112016291,-0.0889499179993322,0.625399422808523,1.58687107425127,0.787811903653936,0.355314792871787,0.715778807089911,0.0242808723547383,1.6142789467224,-0.471053393262902,-0.405998971470575
"49",1.70742108442018,-0.887487340802121,-0.697526619385479,-0.712912606268348,0.814541354698986,-0.177311245835701,1.79919501065073,-0.0524276140132789,-1.1734175410843,-0.336011010443039,0.833640078065548,0.43172654468183,0.868460730913306,0.185709699836257,-0.595677112016291,-0.0889499179993322,0.700678982961401,1.58687107425127,-0.242922728321548,1.93535398891409,-0.936117141436132,0.0242808723547383,1.6142789467224,-0.471053393262902,-0.405998971470575
"50",1.87150392293284,-1.03414838440925,-0.697526619385479,-1.44266566780288,0.814541354698986,1.29684620500763,1.79919501065073,-1.68819757804792,-0.668433082102253,-0.336011010443039,2.06968864205898,1.72634849490448,0.868460730913306,0.686395445997895,-0.595677112016291,-0.0889499179993322,-0.277955299026014,1.58687107425127,-1.73419836607331,1.64632960725223,-1.44803703431923,0.0242808723547383,1.6142789467224,-0.471053393262902,-0.405998971470575
"51",0.722251582694586,-0.00752107915933998,-0.697526619385479,0.637130557570531,0.814541354698986,0.626774636442482,1.79919501065073,-0.819139859614809,0.0404354766292248,-0.336011010443039,0.381708958498243,0.819945716018475,0.868460730913306,0.712292984592462,-0.595677112016291,-0.0889499179993322,1.15235634387867,1.58687107425127,0.787811903653936,-1.12206482646618,-2.11996457502892,0.0242808723547383,1.6142789467224,-0.471053393262902,-0.405998971470575
"52",0.227985655207683,-0.936374355337831,-0.697526619385479,-1.73456689241669,0.814541354698986,0.814394675640724,1.79919501065073,-0.715107095222126,-2.07941907043443,-0.336011010443039,0.0153611815549467,0.0904933212519544,0.868460730913306,0.332462418538806,-0.595677112016291,-0.0889499179993322,-0.503793979484646,1.58687107425127,-1.29558788438161,0.143520551482915,-0.227063643224199,0.0242808723547383,1.6142789467224,-0.471053393262902,-0.405998971470575
"53",-1.45490576905402,0.13913996444779,1.32127638479749,-0.348036075501084,-0.761563055206377,-1.78548301039206,-0.667357199796262,-0.513944791581983,0.380692384820321,1.50320307723363,-0.307190412156932,0.236160205476291,0.62415086070821,0.355482452845088,0.126064812774295,-0.400274630996995,-2.15994430284796,-1.08334467569078,-1.29558788438161,-1.24126530973812,1.15998304509215,-1.91153663997607,0.597737905109414,-1.2202318688595,1.01499742867644
"54",-1.26015826891768,1.70352442959051,1.32127638479749,1.87771076217923,-0.761563055206377,-1.46384865748079,-0.667357199796262,1.81931757973098,1.73987020820294,1.50320307723363,-2.06038156109752,-1.69226246006631,0.62415086070821,0.070609528304846,0.126064812774295,-0.400274630996995,-0.804912220096159,-1.08334467569078,0.239548801539318,-0.752631624977408,1.29117885829375,-1.91153663997607,0.597737905109414,-1.2202318688595,1.01499742867644
"55",-0.030108580124935,-0.838600326266411,1.32127638479749,-0.530474340884717,-0.761563055206377,-0.0432969321226702,-0.667357199796262,-0.0827835835444369,-0.483105865003616,1.50320307723363,0.533964265140607,0.282029591321105,0.62415086070821,0.0533445025751343,0.126064812774295,-0.400274630996995,0.550119862655645,-1.08334467569078,0.129896181116392,-0.406037824727908,-0.313865177666071,-1.91153663997607,0.597737905109414,-1.2202318688595,1.01499742867644
"56",-0.763605941221997,-0.740826297194991,1.32127638479749,-0.457499034731264,-0.761563055206377,-1.75868014764946,-0.667357199796262,-0.301535905245771,0.290227254467936,1.50320307723363,-0.573184900189853,0.134053357497074,0.62415086070821,0.082119545457987,0.126064812774295,-0.400274630996995,-1.55770782162494,-1.08334467569078,-1.07628264353577,-0.928754018038975,0.362507019927686,-1.91153663997607,0.597737905109414,-1.2202318688595,1.01499742867644
"57",0.713105981859452,1.60575040051909,1.32127638479749,0.637130557570531,-0.761563055206377,0.358746009016421,-0.667357199796262,1.45357552459025,0.734181506107765,1.50320307723363,-0.50364826666567,-0.942209424677561,0.62415086070821,0.185709699836257,0.126064812774295,-0.400274630996995,1.15235634387867,-1.08334467569078,1.11676976492271,1.0314905713137,-0.192709060014372,-1.91153663997607,0.597737905109414,-1.2202318688595,1.01499742867644
"58",-0.189147888765279,-0.789713311730701,1.32127638479749,-0.421011381654537,-0.761563055206377,0.0639145188477541,-0.667357199796262,-0.423910166929342,0.183559414201675,1.50320307723363,0.579380542362211,0.170322568141685,0.62415086070821,-0.0675106775328474,0.126064812774295,-0.400274630996995,0.550119862655645,-1.08334467569078,0.349201421962241,-0.377606302051192,-0.0412769854699952,-1.91153663997607,0.597737905109414,-1.2202318688595,1.01499742867644
"59",-0.906405083673483,0.0902529499120801,1.32127638479749,0.637130557570531,-0.761563055206377,0.921606126611148,-0.667357199796262,0.562099335989633,-0.618474726534511,1.50320307723363,0.6394661805645,1.16803217435454,0.62415086070821,-3.34498806188977,0.126064812774295,-0.400274630996995,-0.202675738873136,-1.08334467569078,0.89746452407686,-0.695827444060157,0.7914948443621,-1.91153663997607,0.597737905109414,-1.2202318688595,1.01499742867644
"60",-0.380633906250849,1.6546374150548,1.32127638479749,0.929031782184342,-0.761563055206377,0.465957459986845,-0.667357199796262,1.44198927667759,1.49597891722453,1.50320307723363,-1.29788727511824,-1.83378352535769,0.62415086070821,0.168444674106545,0.126064812774295,-0.400274630996995,0.775958543114279,-1.08334467569078,1.33607500576855,0.412177838225224,0.958091042393311,-1.91153663997607,0.597737905109414,-1.2202318688595,1.01499742867644
"61",-0.2573027891065,0.0413659353763701,1.32127638479749,0.929031782184342,-0.761563055206377,0.680380361927694,-0.667357199796262,-0.679935122788764,0.157905123504727,1.50320307723363,-0.310917433016809,-0.59085656354584,0.62415086070821,0.57992778733134,0.126064812774295,-0.400274630996995,0.625399422808523,-1.08334467569078,0.787811903653936,0.355314792871787,0.715778807089911,-1.91153663997607,0.597737905109414,-1.2202318688595,1.01499742867644
"62",1.70742108442018,-0.887487340802121,1.32127638479749,-0.712912606268348,-0.761563055206377,-0.177311245835701,-0.667357199796262,-0.0524276140132789,-1.1734175410843,1.50320307723363,0.833640078065548,0.43172654468183,0.62415086070821,0.185709699836257,0.126064812774295,-0.400274630996995,0.700678982961401,-1.08334467569078,-0.242922728321548,1.93535398891409,-0.936117141436132,-1.91153663997607,0.597737905109414,-1.2202318688595,1.01499742867644
"63",1.87150392293284,-1.03414838440925,1.32127638479749,-1.44266566780288,-0.761563055206377,1.29684620500763,-0.667357199796262,-1.68819757804792,-0.668433082102253,1.50320307723363,2.06968864205898,1.72634849490448,0.62415086070821,0.686395445997895,0.126064812774295,-0.400274630996995,-0.277955299026014,-1.08334467569078,-1.73419836607331,1.64632960725223,-1.44803703431923,-1.91153663997607,0.597737905109414,-1.2202318688595,1.01499742867644
"64",0.722251582694586,-0.00752107915933998,1.32127638479749,0.637130557570531,-0.761563055206377,0.626774636442482,-0.667357199796262,-0.819139859614809,0.0404354766292248,1.50320307723363,0.381708958498243,0.819945716018475,0.62415086070821,0.712292984592462,0.126064812774295,-0.400274630996995,1.15235634387867,-1.08334467569078,0.787811903653936,-1.12206482646618,-2.11996457502892,-1.91153663997607,0.597737905109414,-1.2202318688595,1.01499742867644
"65",0.227985655207683,-0.936374355337831,1.32127638479749,-1.73456689241669,-0.761563055206377,0.814394675640724,-0.667357199796262,-0.715107095222126,-2.07941907043443,1.50320307723363,0.0153611815549467,0.0904933212519544,0.62415086070821,0.332462418538806,0.126064812774295,-0.400274630996995,-0.503793979484646,-1.08334467569078,-1.29558788438161,0.143520551482915,-0.227063643224199,-1.91153663997607,0.597737905109414,-1.2202318688595,1.01499742867644
"66",-1.45490576905402,0.13913996444779,0.992634035279336,-0.348036075501084,-1.1324111516547,-1.78548301039206,-1.04107723168217,-0.513944791581983,0.380692384820321,0.631015917792114,-0.307190412156932,0.236160205476291,0.479169793853021,0.355482452845088,0.447488342033261,-0.400274630996995,-2.15994430284796,0.198358884281404,-1.29558788438161,-1.24126530973812,1.15998304509215,-0.282162954001334,-0.887391097255565,0.465226353888311,1.01499742867644
"67",-1.26015826891768,1.70352442959051,0.992634035279336,1.87771076217923,-1.1324111516547,-1.46384865748079,-1.04107723168217,1.81931757973098,1.73987020820294,0.631015917792114,-2.06038156109752,-1.69226246006631,0.479169793853021,0.070609528304846,0.447488342033261,-0.400274630996995,-0.804912220096159,0.198358884281404,0.239548801539318,-0.752631624977408,1.29117885829375,-0.282162954001334,-0.887391097255565,0.465226353888311,1.01499742867644
"68",-0.030108580124935,-0.838600326266411,0.992634035279336,-0.530474340884717,-1.1324111516547,-0.0432969321226702,-1.04107723168217,-0.0827835835444369,-0.483105865003616,0.631015917792114,0.533964265140607,0.282029591321105,0.479169793853021,0.0533445025751343,0.447488342033261,-0.400274630996995,0.550119862655645,0.198358884281404,0.129896181116392,-0.406037824727908,-0.313865177666071,-0.282162954001334,-0.887391097255565,0.465226353888311,1.01499742867644
"69",-0.763605941221997,-0.740826297194991,0.992634035279336,-0.457499034731264,-1.1324111516547,-1.75868014764946,-1.04107723168217,-0.301535905245771,0.290227254467936,0.631015917792114,-0.573184900189853,0.134053357497074,0.479169793853021,0.082119545457987,0.447488342033261,-0.400274630996995,-1.55770782162494,0.198358884281404,-1.07628264353577,-0.928754018038975,0.362507019927686,-0.282162954001334,-0.887391097255565,0.465226353888311,1.01499742867644
"70",0.713105981859452,1.60575040051909,0.992634035279336,0.637130557570531,-1.1324111516547,0.358746009016421,-1.04107723168217,1.45357552459025,0.734181506107765,0.631015917792114,-0.50364826666567,-0.942209424677561,0.479169793853021,0.185709699836257,0.447488342033261,-0.400274630996995,1.15235634387867,0.198358884281404,1.11676976492271,1.0314905713137,-0.192709060014372,-0.282162954001334,-0.887391097255565,0.465226353888311,1.01499742867644
"71",-0.189147888765279,-0.789713311730701,0.992634035279336,-0.421011381654537,-1.1324111516547,0.0639145188477541,-1.04107723168217,-0.423910166929342,0.183559414201675,0.631015917792114,0.579380542362211,0.170322568141685,0.479169793853021,-0.0675106775328474,0.447488342033261,-0.400274630996995,0.550119862655645,0.198358884281404,0.349201421962241,-0.377606302051192,-0.0412769854699952,-0.282162954001334,-0.887391097255565,0.465226353888311,1.01499742867644
"72",-0.906405083673483,0.0902529499120801,0.992634035279336,0.637130557570531,-1.1324111516547,0.921606126611148,-1.04107723168217,0.562099335989633,-0.618474726534511,0.631015917792114,0.6394661805645,1.16803217435454,0.479169793853021,-3.34498806188977,0.447488342033261,-0.400274630996995,-0.202675738873136,0.198358884281404,0.89746452407686,-0.695827444060157,0.7914948443621,-0.282162954001334,-0.887391097255565,0.465226353888311,1.01499742867644
"73",-0.380633906250849,1.6546374150548,0.992634035279336,0.929031782184342,-1.1324111516547,0.465957459986845,-1.04107723168217,1.44198927667759,1.49597891722453,0.631015917792114,-1.29788727511824,-1.83378352535769,0.479169793853021,0.168444674106545,0.447488342033261,-0.400274630996995,0.775958543114279,0.198358884281404,1.33607500576855,0.412177838225224,0.958091042393311,-0.282162954001334,-0.887391097255565,0.465226353888311,1.01499742867644
"74",-0.2573027891065,0.0413659353763701,0.992634035279336,0.929031782184342,-1.1324111516547,0.680380361927694,-1.04107723168217,-0.679935122788764,0.157905123504727,0.631015917792114,-0.310917433016809,-0.59085656354584,0.479169793853021,0.57992778733134,0.447488342033261,-0.400274630996995,0.625399422808523,0.198358884281404,0.787811903653936,0.355314792871787,0.715778807089911,-0.282162954001334,-0.887391097255565,0.465226353888311,1.01499742867644
"75",1.70742108442018,-0.887487340802121,0.992634035279336,-0.712912606268348,-1.1324111516547,-0.177311245835701,-1.04107723168217,-0.0524276140132789,-1.1734175410843,0.631015917792114,0.833640078065548,0.43172654468183,0.479169793853021,0.185709699836257,0.447488342033261,-0.400274630996995,0.700678982961401,0.198358884281404,-0.242922728321548,1.93535398891409,-0.936117141436132,-0.282162954001334,-0.887391097255565,0.465226353888311,1.01499742867644
"76",1.87150392293284,-1.03414838440925,0.992634035279336,-1.44266566780288,-1.1324111516547,1.29684620500763,-1.04107723168217,-1.68819757804792,-0.668433082102253,0.631015917792114,2.06968864205898,1.72634849490448,0.479169793853021,0.686395445997895,0.447488342033261,-0.400274630996995,-0.277955299026014,0.198358884281404,-1.73419836607331,1.64632960725223,-1.44803703431923,-0.282162954001334,-0.887391097255565,0.465226353888311,1.01499742867644
"77",0.722251582694586,-0.00752107915933998,0.992634035279336,0.637130557570531,-1.1324111516547,0.626774636442482,-1.04107723168217,-0.819139859614809,0.0404354766292248,0.631015917792114,0.381708958498243,0.819945716018475,0.479169793853021,0.712292984592462,0.447488342033261,-0.400274630996995,1.15235634387867,0.198358884281404,0.787811903653936,-1.12206482646618,-2.11996457502892,-0.282162954001334,-0.887391097255565,0.465226353888311,1.01499742867644
"78",0.227985655207683,-0.936374355337831,0.992634035279336,-1.73456689241669,-1.1324111516547,0.814394675640724,-1.04107723168217,-0.715107095222126,-2.07941907043443,0.631015917792114,0.0153611815549467,0.0904933212519544,0.479169793853021,0.332462418538806,0.447488342033261,-0.400274630996995,-0.503793979484646,0.198358884281404,-1.29558788438161,0.143520551482915,-0.227063643224199,-0.282162954001334,-0.887391097255565,0.465226353888311,1.01499742867644
"79",-1.45490576905402,0.13913996444779,-1.12006678305168,-0.348036075501084,1.13903343909127,-1.78548301039206,0.977010940501735,-0.513944791581983,0.380692384820321,0.263223907275777,-0.307190412156932,0.236160205476291,0.51634364261055,0.355482452845088,1.87051796702523,-0.400274630996995,-2.15994430284796,0.732402034269812,-1.29558788438161,-1.24126530973812,1.15998304509215,1.10120614406953,0.586435587933518,2.14025255889657,-0.405998971470575
"80",-1.26015826891768,1.70352442959051,-1.12006678305168,1.87771076217923,1.13903343909127,-1.46384865748079,0.977010940501735,1.81931757973098,1.73987020820294,0.263223907275777,-2.06038156109752,-1.69226246006631,0.51634364261055,0.070609528304846,1.87051796702523,-0.400274630996995,-0.804912220096159,0.732402034269812,0.239548801539318,-0.752631624977408,1.29117885829375,1.10120614406953,0.586435587933518,2.14025255889657,-0.405998971470575
"81",-0.030108580124935,-0.838600326266411,-1.12006678305168,-0.530474340884717,1.13903343909127,-0.0432969321226702,0.977010940501735,-0.0827835835444369,-0.483105865003616,0.263223907275777,0.533964265140607,0.282029591321105,0.51634364261055,0.0533445025751343,1.87051796702523,-0.400274630996995,0.550119862655645,0.732402034269812,0.129896181116392,-0.406037824727908,-0.313865177666071,1.10120614406953,0.586435587933518,2.14025255889657,-0.405998971470575
"82",-0.763605941221997,-0.740826297194991,-1.12006678305168,-0.457499034731264,1.13903343909127,-1.75868014764946,0.977010940501735,-0.301535905245771,0.290227254467936,0.263223907275777,-0.573184900189853,0.134053357497074,0.51634364261055,0.082119545457987,1.87051796702523,-0.400274630996995,-1.55770782162494,0.732402034269812,-1.07628264353577,-0.928754018038975,0.362507019927686,1.10120614406953,0.586435587933518,2.14025255889657,-0.405998971470575
"83",0.713105981859452,1.60575040051909,-1.12006678305168,0.637130557570531,1.13903343909127,0.358746009016421,0.977010940501735,1.45357552459025,0.734181506107765,0.263223907275777,-0.50364826666567,-0.942209424677561,0.51634364261055,0.185709699836257,1.87051796702523,-0.400274630996995,1.15235634387867,0.732402034269812,1.11676976492271,1.0314905713137,-0.192709060014372,1.10120614406953,0.586435587933518,2.14025255889657,-0.405998971470575
"84",-0.189147888765279,-0.789713311730701,-1.12006678305168,-0.421011381654537,1.13903343909127,0.0639145188477541,0.977010940501735,-0.423910166929342,0.183559414201675,0.263223907275777,0.579380542362211,0.170322568141685,0.51634364261055,-0.0675106775328474,1.87051796702523,-0.400274630996995,0.550119862655645,0.732402034269812,0.349201421962241,-0.377606302051192,-0.0412769854699952,1.10120614406953,0.586435587933518,2.14025255889657,-0.405998971470575
"85",-0.906405083673483,0.0902529499120801,-1.12006678305168,0.637130557570531,1.13903343909127,0.921606126611148,0.977010940501735,0.562099335989633,-0.618474726534511,0.263223907275777,0.6394661805645,1.16803217435454,0.51634364261055,-3.34498806188977,1.87051796702523,-0.400274630996995,-0.202675738873136,0.732402034269812,0.89746452407686,-0.695827444060157,0.7914948443621,1.10120614406953,0.586435587933518,2.14025255889657,-0.405998971470575
"86",-0.380633906250849,1.6546374150548,-1.12006678305168,0.929031782184342,1.13903343909127,0.465957459986845,0.977010940501735,1.44198927667759,1.49597891722453,0.263223907275777,-1.29788727511824,-1.83378352535769,0.51634364261055,0.168444674106545,1.87051796702523,-0.400274630996995,0.775958543114279,0.732402034269812,1.33607500576855,0.412177838225224,0.958091042393311,1.10120614406953,0.586435587933518,2.14025255889657,-0.405998971470575
"87",-0.2573027891065,0.0413659353763701,-1.12006678305168,0.929031782184342,1.13903343909127,0.680380361927694,0.977010940501735,-0.679935122788764,0.157905123504727,0.263223907275777,-0.310917433016809,-0.59085656354584,0.51634364261055,0.57992778733134,1.87051796702523,-0.400274630996995,0.625399422808523,0.732402034269812,0.787811903653936,0.355314792871787,0.715778807089911,1.10120614406953,0.586435587933518,2.14025255889657,-0.405998971470575
"88",1.70742108442018,-0.887487340802121,-1.12006678305168,-0.712912606268348,1.13903343909127,-0.177311245835701,0.977010940501735,-0.0524276140132789,-1.1734175410843,0.263223907275777,0.833640078065548,0.43172654468183,0.51634364261055,0.185709699836257,1.87051796702523,-0.400274630996995,0.700678982961401,0.732402034269812,-0.242922728321548,1.93535398891409,-0.936117141436132,1.10120614406953,0.586435587933518,2.14025255889657,-0.405998971470575
"89",1.87150392293284,-1.03414838440925,-1.12006678305168,-1.44266566780288,1.13903343909127,1.29684620500763,0.977010940501735,-1.68819757804792,-0.668433082102253,0.263223907275777,2.06968864205898,1.72634849490448,0.51634364261055,0.686395445997895,1.87051796702523,-0.400274630996995,-0.277955299026014,0.732402034269812,-1.73419836607331,1.64632960725223,-1.44803703431923,1.10120614406953,0.586435587933518,2.14025255889657,-0.405998971470575
"90",0.722251582694586,-0.00752107915933998,-1.12006678305168,0.637130557570531,1.13903343909127,0.626774636442482,0.977010940501735,-0.819139859614809,0.0404354766292248,0.263223907275777,0.381708958498243,0.819945716018475,0.51634364261055,0.712292984592462,1.87051796702523,-0.400274630996995,1.15235634387867,0.732402034269812,0.787811903653936,-1.12206482646618,-2.11996457502892,1.10120614406953,0.586435587933518,2.14025255889657,-0.405998971470575
"91",0.227985655207683,-0.936374355337831,-1.12006678305168,-1.73456689241669,1.13903343909127,0.814394675640724,0.977010940501735,-0.715107095222126,-2.07941907043443,0.263223907275777,0.0153611815549467,0.0904933212519544,0.51634364261055,0.332462418538806,1.87051796702523,-0.400274630996995,-0.503793979484646,0.732402034269812,-1.29558788438161,0.143520551482915,-0.227063643224199,1.10120614406953,0.586435587933518,2.14025255889657,-0.405998971470575
